01:95000,90027,90028,90029,90100
02:91100,90090
03:92200,90091,90001
04:95000,90027,90028,90029,90100
05:91100,90090,92871
06:92200,90091,90001,90100
07:95000,90027,90028,90029
08:91100,90090
09:92200,90091,90001
10:95000,90027,90028
11:95000,90027,90028,90029,90500
12:91100,90099
13:92200,90091,90008
14:95000,90027,90028,90059,90101
15:91100,92190,92871
16:92200,90491,90001,90100
17:95000,90197,90028,90029
18:91100,90090
19:92200,90081,90001
20:95000,90047,9002811:95000,90027,90028,90029,90500
21:95000,90027,90928,90529,90500
22:91120,90799
23:92220,90121,90958
24:95000,90027,90498,90099,90171
25:91100,92170,92879
26:92204,90481,90621,90100
27:95000,90197,90248,90029
28:91100,90094
29:92200,90099,90191
30:94728,90555,90679
